15;2;4;12;0;1;0;0;0;0;0;0;0;0;0;0;0;0;0;0;1;0;0;0;0;1;1;1;1;0;1;1;0;0;1;1;0;0;0;1;0;0;0;1;1;1;1;0;0;0;1;0;1;0;1
1;0;1;1;1;0;0;0;1;1;0;1;0;1;1;0;0;1;0;1;0;1;1;0;0;0;1;1;0;0;0;1;1;0;1;0;1;0;0;0;1;1;1;1;0;0;0;0;0;0;1;1;0;1;0
15;0;4;12;1;0;0;0;0;0;0;0;0;0;0;0;0;0;0;0;1;1;1;1;0;1;0;0;1;0;1;1;0;0;1;1;0;0;0;1;0;0;0;1;1;1;1;0;0;1;1;0;1;0;1
0;1;0;0;1;0;0;0;0;1;0;0;0;0;0;0;0;0;0;0;0;1;0;0;1;1;0;0;1;0;0;0;0;0;1;1;0;0;0;1;0;0;0;0;1;1;1;0;0;0;0;0;0;0;1
15;2;4;12;0;1;0;0;0;0;0;0;0;0;0;0;0;0;0;0;1;0;0;0;0;1;1;1;1;0;1;1;0;0;1;1;0;0;0;1;0;0;0;1;1;1;1;0;0;0;1;0;1;0;1
1;0;1;1;1;0;0;0;1;1;0;1;0;1;1;0;0;1;0;1;0;1;1;0;0;0;1;1;0;0;0;1;1;0;1;0;1;0;0;0;1;1;1;1;0;0;0;0;0;0;1;1;0;1;0
15;2;4;12;1;0;0;0;0;0;0;0;0;0;0;0;0;0;0;0;1;1;1;1;0;1;0;0;1;0;1;1;0;0;1;1;0;0;0;1;0;0;0;1;1;1;1;0;0;1;1;0;1;0;1
1;0;0;1;1;0;0;0;0;1;0;0;0;0;0;0;0;0;0;0;0;0;0;0;0;0;0;0;0;0;0;0;0;0;0;0;0;0;0;0;0;0;0;0;0;0;0;0;0;0;0;0;0;0;0
15;0;4;12;1;0;0;0;0;0;0;0;0;0;0;0;0;0;0;0;1;1;1;1;0;1;0;0;1;0;1;1;0;0;1;1;0;0;0;1;0;0;0;1;1;1;1;0;0;1;1;0;1;0;1
0;1;0;0;1;0;0;0;0;1;0;0;0;0;0;0;0;0;0;0;0;1;0;0;1;1;0;0;1;0;0;0;0;0;1;1;0;0;0;1;0;0;0;0;1;1;1;0;0;0;0;0;0;0;1
20;20;20;20;1;1;1;1;1;1;1;1;1;1;1;1;1;1;1;1;1;1;1;1;1;1;1;1;1;1;1;1;1;1;1;1;1;1;1;1;1;1;1;1;1;1;1;1;1;1;1;1;1;1;1
1;1;1;1;1;1;1;1;1;1;1;1;1;1;1;1;1;1;1;1;1;1;1;1;1;1;1;1;1;1;1;1;1;1;1;1;1;1;1;1;1;1;1;1;1;1;1;1;1;1;1;1;1;1;1